img0 64
1944 0 0 0 61 0 0 0 0 0 0 0 0 0 0 0 176 0 0 0 2375 5453 0 0 0 280 0 0 0 0 0 0 0 0 0 0 4 1218 0 0 0 13256 7955 0 0 0 236 1 0 0 0 0 0 0 0 0 0 159 2180 0 0 1 3811 691 
img1 64
8319 0 0 0 43 0 0 0 0 0 0 0 0 0 0 0 584 0 0 0 8015 5206 0 0 0 59 0 0 0 1 0 0 0 0 0 0 778 2408 0 0 352 9383 1801 0 0 0 73 0 1 0 0 0 0 0 0 0 6 223 527 0 5 20 996 1001 
img2 64
8082 1 0 0 33 25 0 0 0 0 0 0 0 0 0 0 2168 0 0 0 5122 2624 0 0 0 34 3 0 0 0 0 0 0 0 0 0 1886 3282 0 0 43 7577 1985 0 0 0 99 0 0 0 0 0 0 0 0 0 8 1130 1577 0 2 6 2951 1163 
img3 64
13004 0 0 0 30 0 0 0 0 0 0 0 0 0 0 0 1829 2 0 0 4859 6656 0 0 0 21 1 0 0 0 0 0 0 0 0 0 3 1845 1 0 0 4766 3779 0 0 0 6 0 2 0 0 0 0 0 0 0 0 3 928 0 10 5 1399 652 
img4 64
2014 16606 29 0 11 58 0 0 0 0 0 0 0 0 0 6 281 21 0 0 215 8326 163 0 0 58 127 0 0 0 0 147 0 0 0 0 0 2978 40 0 0 1193 4352 31 0 0 64 101 0 0 0 0 0 0 0 0 0 0 135 2 0 0 232 2611 
img5 64
6369 950 0 1 1 1098 2207 1 0 0 0 0 0 1 0 4 0 0 0 0 1 1880 2166 0 0 5 2548 168 0 0 0 4 0 0 0 0 0 4 1 0 0 1 6106 4973 0 0 1 3846 0 0 0 0 0 0 0 0 0 0 0 0 0 0 0 7465 
img6 64
7926 0 0 0 7 0 0 0 0 0 0 0 0 0 0 0 6212 1 0 0 5739 2211 0 0 0 149 0 0 0 0 0 0 20 0 0 0 6504 2866 0 0 1 5919 69 2 0 0 0 0 0 0 0 0 265 57 0 0 53 1624 4 0 0 0 0 172 
img7 64
7834 83 0 0 6696 750 0 0 0 0 0 0 0 0 0 0 0 0 0 0 7942 3595 35 0 1449 4044 59 0 0 0 0 0 0 0 0 0 0 0 0 0 148 2529 341 5 11 1270 494 22 0 0 0 0 0 0 0 0 0 0 0 0 3 714 1430 347 
img8 64
10541 76 0 0 1729 4470 0 0 0 0 0 0 0 0 0 0 1924 44 0 0 3354 11944 61 0 12 486 578 0 1 0 0 0 163 4 0 0 258 264 1 0 144 741 1728 3 2 39 73 18 36 0 0 0 3 8 0 0 110 110 29 1 33 330 279 204 
img9 64
2508 292 12 0 8 190 90 153 0 0 2 125 0 0 0 0 2510 154 0 0 465 2098 1976 32 1 14 5011 313 0 0 0 0 5837 14 0 0 921 1120 104 0 14 323 1767 389 0 0 35 196 730 3 0 0 2225 1264 9 0 720 2200 857 16 26 46 445 4586 
img10 64
994 0 0 0 0 0 0 0 0 0 0 0 0 0 0 0 0 0 0 0 0 0 0 0 0 0 0 0 0 0 0 0 0 0 0 0 0 0 0 0 0 0 0 0 0 0 0 0 0 0 0 0 0 0 0 0 0 0 0 0 0 0 0 19726 
img11 64
942 0 0 0 0 0 0 0 0 0 0 0 0 0 0 0 0 0 0 0 0 0 0 0 0 0 0 0 0 0 0 0 0 0 0 0 0 0 0 0 0 0 0 0 0 0 0 0 0 0 0 0 0 0 0 0 0 0 0 0 0 0 0 19778 
img12 64
3881 0 0 0 0 0 0 0 0 0 0 0 0 0 0 0 0 0 0 0 0 0 0 0 0 0 0 0 0 0 0 0 0 0 0 0 0 0 0 0 0 0 11479 0 0 0 0 0 0 0 0 0 0 0 0 0 0 0 0 0 0 0 0 0 
img13 64
5263 0 0 0 0 0 0 0 0 0 0 0 0 0 0 0 0 0 0 0 0 11121 0 0 0 0 0 0 0 0 0 0 0 0 0 0 0 0 0 0 0 0 0 0 0 0 0 0 0 0 0 0 0 0 0 0 0 0 0 0 0 0 0 0 
